0    1.0050665642450458
1    0.998885448053405
2    0.9814945239603943
3    0.9532946887912542
4    0.914874574154717
5    0.8669398140080735
6    0.8102585585369353
7    0.7456396630411023
8    0.6739446583897671
9    0.5961197310205267
10    0.5132242768830437
11    0.42643312930573724
12    0.3370021190455102
13    0.24620527908644446
14    0.15526571900201586
15    0.06530399435646159
16    -0.022680863324842038
17    -0.10779593675505647
18    -0.18921609466130865
19    -0.26614316494602525
20    -0.33778389765415195
21    -0.403358900353104
22    -0.46213934733280837
23    -0.5134950489997242
24    -0.5569332254034873
25    -0.5921126300961336
26    -0.6188286129592797
27    -0.6369767498475947
28    -0.6465118443407499
29    -0.6474215896185397
30    -0.6397276836109893
31    -0.6235140058949169
32    -0.5989684866528322
33    -0.5664192795898215
34    -0.5263489009517545
35    -0.47937963289905217
36    -0.42623539731943316
37    -0.3676950464380512
38    -0.30455543585451533
39    -0.23761743083252926
40    -0.16769621598569814
41    -0.09564516554334809
42    -0.022376339908748724
43    0.05113725570753289
44    0.12388400981409954
45    0.19485602479682154
46    0.26309781579680735
47    0.32774476336909364
48    0.3880394242803912
49    0.4433240876972242
50    0.4930183983344636
51    0.5365963927837355
52    0.5735760147822713
53    0.6035273920110655
54    0.6260970021200909
55    0.6410371516942461
56    0.6482274129213138
57    0.6476782879387581
58    0.6395155656744737
59    0.6239523334773819
60    0.6012604348358118
61    0.5717526241335628
62    0.5357814117792654
63    0.4937528871842058
64    0.44614689395816615
65    0.3935320017784002
66    0.33656629834213153
67    0.2759817614656688
68    0.2125573458554176
69    0.1470904744737068
70    0.08037665470028565
71    0.0132027233969992
72    -0.053647386225364226
73    -0.11938156261430106
74    -0.18319296060955995
75    -0.2442655879080949
76    -0.3017937708150459
77    -0.3550108134250745
78    -0.4032182219291455
79    -0.4458068980853069
80    -0.4822654202191335
81    -0.5121762366122845
82    -0.5352057429739903
83    -0.5510963296607773
84    -0.5596665311917614
85    -0.5608205374824565
86    -0.5545631587933881
87    -0.5410133267481609
88    -0.5204094706819007
89    -0.49310327411368604
90    -0.45954296047365134
91    -0.42025134950058896
92    -0.3758055536874673
93    -0.3268235901622708
94    -0.27395929248668216
95    -0.21790275996804478
96    -0.159381102119858
97    -0.0991543331608502
98    -0.03800370858812593
99    0.023286533462710042
100    0.08394978882623962
101    0.14325452327392527
102    0.20051433133627108
103    0.25508969431179407
104    0.30638405283999753
105    0.3538389588766607
106    0.39693297860874055
107    0.4351868480224305
108    0.46817414952207825
109    0.49553395704343084
110    0.5169808504526444
111    0.5323089380534534
112    0.541389350110233
113    0.5441636015587706
114    0.5406368567361921
115    0.5308747644817061
116    0.5150054358170962
117    0.49322535255915173
118    0.4658058424648418
119    0.433096234602869
120    0.39552112592126276
121    0.3535716355283824
122    0.3077928848674534
123    0.2587711383462514
124    0.2071235784151878
125    0.15349188754414786
126    0.0985386310420229
127    0.04294394009987097
128    -0.012600177336578946
129    -0.06739943270206768
130    -0.12077043455910147
131    -0.17205539503946804
132    -0.22063551434616613
133    -0.2659407017173078
134    -0.3074548289097561
135    -0.3447174697285225
136    -0.37732420735675276
137    -0.4049276665510008
138    -0.4272405494538419
139    -0.4440405549676487
140    -0.4551757360415614
141    -0.46056822989174817
142    -0.4602147431790472
143    -0.4541834625193174
144    -0.4426084722190882
145    -0.42568356178024863
146    -0.4036572036565533
147    -0.3768296461032071
148    -0.3455518784955996
149    -0.3102251453579833
150    -0.2712992220643569
151    -0.22926813512066258
152    -0.18466318076894325
153    -0.13804426024547345
154    -0.08999107298706376
155    -0.04109543583492382
156    0.00804478604935028
157    0.05683054059872029
158    0.10466631851002252
159    0.15096599302770602
160    0.19516048858998802
161    0.23670699878340087
162    0.2750986139792367
163    0.3098730052289232
164    0.34061924849882996
165    0.36698258446784493
166    0.38866751001234
167    0.4054399388250401
168    0.417129190551926
169    0.4236301920539734
170    0.4249056184872056
171    0.4209871883640205
172    0.41197531745507077
173    0.398036780730703
174    0.3794005869235866
175    0.35635263543905665
176    0.32922983590950516
177    0.29841427966075096
178    0.2643277579066486
179    0.22742648024287984
180    0.1881955283024394
181    0.14714262052453347
182    0.10479111266412318
183    0.06167256462486627
184    0.018319438949770617
185    -0.02474153300273304
186    -0.06699502296130988
187    -0.10794187607142403
188    -0.14710336676211103
189    -0.18402544753048602
190    -0.2182833170843497
191    -0.2494862631435752
192    -0.277282372767299
193    -0.30136253228257537
194    -0.3214632888691169
195    -0.3373685713275825
196    -0.34891071127748297
197    -0.35597139742308653
198    -0.358483026327166
199    -0.3564304871468984
200    -0.3498529714325086
201    -0.3388451274618545
202    -0.32355687941046973
203    -0.30419157521440715
204    -0.2810027091451841
205    -0.254289940530373
206    -0.22439516623711497
207    -0.19169899220603864
208    -0.15661737995312813
209    -0.11959785418498248
210    -0.08111460842596543
211    -0.04166210545311119
212    -0.0017472478621378246
213    0.038119242461334135
214    0.07743123726282185
215    0.11569452892554935
216    0.1524327624172328
217    0.18719231794991328
218    0.2195468494059657
219    0.24910211735800225
220    0.27550138698391613
221    0.2984311825289907
222    0.31762673057598034
223    0.33287616253420377
224    0.3440227186929429
225    0.350964806138909
226    0.3536544743751827
227    0.35209526616299697
228    0.34634032375641877
229    0.3364912087061073
230    0.3226973411413927
231    0.30515543880219276
232    0.28410801986121736
233    0.2598401718714687
234    0.2326744231978767
235    0.20296435409586447
236    0.17108807161596143
237    0.13744260330865377
238    0.10243975806286555
239    0.06650331008400893
240    0.03006671196209766
241    -0.0064298164092015005
242    -0.04254379447350981
243    -0.0778368238403
244    -0.11188209612192383
245    -0.1442718168318362
246    -0.174623331663568
247    -0.2025832943531149
248    -0.22783000613079393
249    -0.25007476929857675
250    -0.26906344256618653
251    -0.2845791533265468
252    -0.2964463722826425
253    -0.30453566415367783
254    -0.3087678607363374
255    -0.30911642611001683
256    -0.30560734043444643
257    -0.29831663470580155
258    -0.2873664422821904
259    -0.27292081238926574
260    -0.25518237339310024
261    -0.23439027150101482
262    -0.2108189520901612
263    -0.18477673750196172
264    -0.15660309333551595
265    -0.1266639410702951
266    -0.09534512114540346
267    -0.06304482747319666
268    -0.03016624943837332
269    0.002888433357592777
270    0.0357221682927944
271    0.06794559756246812
272    0.0991790915120909
273    0.1290553846290699
274    0.15722350915448421
275    0.18335398643557613
276    0.20714454794239687
277    0.2283252889746597
278    0.24666227944049926
279    0.26195924825664535
280    0.27405774150545054
281    0.28283670523371246
282    0.2882124719699421
283    0.29013966722311
284    0.2886128882828082
285    0.28366847320049565
286    0.27538549707507987
287    0.2638853582801667
288    0.24932980927980786
289    0.23191780186269922
290    0.21188182297515903
291    0.18948436260002413
292    0.16501481604746498
293    0.13878668622790694
294    0.11113466201663168
295    0.08241112688126494
296    0.05298185135885513
297    0.023220896328786836
298    -0.006495010977436158
299    -0.03579221435401793
300    -0.06430555020071377
301    -0.09168318227875137
302    -0.11759083761965733
303    -0.14171563250120273
304    -0.1637697045631696
305    -0.18349374624140435
306    -0.20066039079425227
307    -0.21507729294711225
308    -0.22658965998233394
309    -0.23508196810586296
310    -0.24047872956635608
311    -0.24274442264732451
312    -0.24188289614415034
313    -0.2379365608304087
314    -0.2309854892535865
315    -0.22114630359669016
316    -0.20857060157027327
317    -0.19344269203412076
318    -0.175976544549541
319    -0.15641209238460685
320    -0.1350112809395649
321    -0.1120543386781635
322    -0.08783655956527303
323    -0.0626655146461681
324    -0.03685827933524486
325    -0.010738190975192534
326    0.015369120902468272
327    0.04114032747338264
328    0.06625919114420721
329    0.09042097019090156
330    0.1133359627154955
331    0.1347320785839662
332    0.15435676404639964
333    0.17197886462467676
334    0.1873909328110382
335    0.20041211674276127
336    0.21089135525209057
337    0.2187103567708856
338    0.2237858105781963
339    0.22607046447265708
340    0.2255530436070905
341    0.22225733399484499
342    0.21624093288274113
343    0.20759407979631675
344    0.19643869694554492
345    0.1829274726543211
346    0.16724264851950396
347    0.14959414374119723
348    0.13021675480359746
349    0.1093663944555753
350    0.08731561145828966
351    0.0643488385466414
352    0.04075785622770688
353    0.016837816442414555
354    -0.007116091452339303
355    -0.030811510063364324
356    -0.053961650104914625
357    -0.07628822291699387
358    -0.09752473953603473
359    -0.11742009470144667
360    -0.13574211342778097
361    -0.1522806174215054
362    -0.16684965060006812
363    -0.17928878245063695
364    -0.1894637307315209
365    -0.19726672334112788
366    -0.2026169738076913
367    -0.20546144078726086
368    -0.2057758016124102
369    -0.2035653880914012
370    -0.19886575669524784
371    -0.19174262745538342
372    -0.1822911140757159
373    -0.1706343915437855
374    -0.15692207309895312
375    -0.14132849582877702
376    -0.12405092578677078
377    -0.10530756711411007
378    -0.08533525593418283
379    -0.06438676922453382
380    -0.04272771900031535
381    -0.020633042998151774
382    0.0016168200313627934
383    0.023739904192267593
384    0.04545670071323902
385    0.06649412741644545
386    0.08658949452445398
387    0.10549438037245008
388    0.1229782262955391
389    0.1388314783851796
390    0.15286820986987618
391    0.16492823160450204
392    0.17487869716199184
393    0.18261522901333646
394    0.1880626813500826
395    0.19117568613444122
396    0.1919389970620133
397    0.1903674599068838
398    0.18650539109312098
399    0.1804252698288236
400    0.17222581141396115
401    0.16202959038093365
402    0.14998044923023363
403    0.1362410069725924
404    0.12099057345525475
405    0.10442355461156033
406    0.086748089485619
407    0.06818446217166307
408    0.048962922017786896
409    0.02932082136132382
410    0.009499256518062464
411    -0.010260423865668757
412    -0.029719800639319352
413    -0.04864588040627877
414    -0.06681282691050873
415    -0.08400328275868521
416    -0.10000990195137856
417    -0.11463760667471319
418    -0.12770669031088613
419    -0.13905645608136588
420    -0.14854881925182156
421    -0.15607125448648307
422    -0.16153860966855024
423    -0.1648936428344889
424    -0.1661065984545848
425    -0.1651744659319505
426    -0.1621205300066357
427    -0.15699444957825529
428    -0.14987262812748856
429    -0.14085834083811727
430    -0.13008104590689545
431    -0.11769446249058776
432    -0.10387330939302265
433    -0.08880904398563771
434    -0.072705339336153
435    -0.055774111213530854
436    -0.03823257164206701
437    -0.02030125013837506
438    -0.002202511300272802
439    0.01584103780342757
440    0.03360876288220127
441    0.05088507597062516
442    0.06746316695075129
443    0.08314874756788608
444    0.09776299911647224
445    0.11114418753986256
446    0.12314796457931916
447    0.1336468780441291
448    0.14252983579572923
449    0.14970219890116132
450    0.15508687573635255
451    0.158626314000476
452    0.16028479795857464
453    0.16005021811351292
454    0.1579346605512484
455    0.15397366080612152
456    0.14822450782396893
457    0.14076429156039877
458    0.13168836965795874
459    0.12110965080213228
460    0.10915865080690136
461    0.09598381433642801
462    0.08175133297016206
463    0.06664378123981289
464    0.05085729573233152
465    0.03459756204023844
466    0.018075284300374733
467    0.0015019236272882461
468    -0.014913679283368692
469    -0.030967565449562938
470    -0.046462051052799484
471    -0.061206879117178925
472    -0.07502082944257148
473    -0.087734227190086
474    -0.0991923070381751
475    -0.10925889593674366
476    -0.11781961487983064
477    -0.12478386734368295
478    -0.13008525292599651
479    -0.1336805881074724
480    -0.1355481933489911
481    -0.13568628087036558
482    -0.13411208819429032
483    -0.1308619536717954
484    -0.12599198945128776
485    -0.11957862632949584
486    -0.11171828087910192
487    -0.10252573282218212
488    -0.09213133039091205
489    -0.08067760537568122
490    -0.06831607093005274
491    -0.05520484260203032
492    -0.041507347934149216
493    -0.027391882888859877
494    -0.013031349165352644
495    0.0013975847873992364
496    0.01571637410393251
497    0.029747533235498134
498    0.043318176922834316
499    0.05626350426145916
500    0.06842958436399676
501    0.07967503975320187
502    0.08987165439650151
503    0.09890439145423426
504    0.10667151325690838
505    0.11308534317421697
506    0.1180738289224594
507    0.1215826696479751
508    0.12357748348483422
509    0.12404536688605901
510    0.12299527566814755
511    0.12045701872513805
512    0.11647919639995712
513    0.11112679645529927
514    0.10447916231551901
515    0.09662874181350438
516    0.08768061904658668
517    0.07775247069822754
518    0.06697433640926213
519    0.05548754527360303
520    0.043442423987122405
521    0.03099498708979876
522    0.018303308192273163
523    0.00552437454760937
524    -0.007188036654662871
525    -0.01968433582380529
526    -0.03181923527307918
527    -0.0434516130511012
528    -0.054444880236026325
529    -0.06466840658142438
530    -0.07400001453410307
531    -0.0823289848047231
532    -0.08955878775304515
533    -0.09560890383927168
534    -0.10041544516465961
535    -0.10393068813837328
536    -0.10612200844833287
537    -0.10697095016577965
538    -0.10647309160761675
539    -0.10463893433518288
540    -0.10149544851494058
541    -0.09708753765061719
542    -0.0914786901573285
543    -0.08475034418356808
544    -0.07699987645351307
545    -0.06833757785368824
546    -0.058883362000203505
547    -0.04876404707306182
548    -0.03811172879334457
549    -0.027063155782324794
550    -0.015759513876902498
551    -0.004345868929198073
552    0.007030335900453658
553    0.018221975035322028
554    0.029085868976729913
555    0.0394865990488711
556    0.04929956863897197
557    0.05841263675836034
558    0.06672626989803149
559    0.07415276446863019
560    0.08061537509856455
561    0.08604811530703299
562    0.09039664096310612
563    0.09362007474949478
564    0.09569308850094455
565    0.0966073281109552
566    0.09637148662983291
567    0.09500990540651495
568    0.09256020277804096
569    0.08907076646857127
570    0.08459891252196843
571    0.07921017187218722
572    0.07297862352790865
573    0.06598766606994327
574    0.0583303857878876
575    0.05010886312512115
576    0.041432246059327035
577    0.03241397846154704
578    0.023168908039480574
579    0.013811000399412786
580    0.00445210638635442
581    -0.00479823689563183
582    -0.013832470792225908
583    -0.022544878665219086
584    -0.030832238311104078
585    -0.03859545415497644
586    -0.04574190592940911
587    -0.05218793832320627
588    -0.057860855420905764
589    -0.06269995230384123
590    -0.06665647937099624
591    -0.06969287907396275
592    -0.0717819243946848
593    -0.07290634449135722
594    -0.07305920580930922
595    -0.07224491603487786
596    -0.07048039819889268
597    -0.06779585378841008
598    -0.06423462175338347
599    -0.05985195437639348
600    -0.054712988001104905
601    -0.04889054035893551
602    -0.04246338912045565
603    -0.03551537750933017
604    -0.02813525560106837
605    -0.020416806490380912
606    -0.012458658231245631
607    -0.004363292722672675
608    0.0037648898898798326
609    0.011822126876855832
610    0.01970780272140584
611    0.027326258024999002
612    0.034587599867383086
613    0.04140768502538905
614    0.047707804054211066
615    0.0534146952866308
616    0.058461318498094675
617    0.06278840982072327
618    0.0663463952083639
619    0.06909698617952738
620    0.07101388731527512
621    0.07208245935509588
622    0.07229863685008245
623    0.07166768545848137
624    0.07020341054353835
625    0.06792816428689391
626    0.06487356587852272
627    0.06108144288775676
628    0.05660432217176307
629    0.05150496349599987
630    0.0458548635714793
631    0.03973210163536663
632    0.033219129429989974
633    0.0264010828440178
634    0.019364929058534
635    0.01219936111456204
636    0.0049949724525070235
637    -0.0021559402251144556
638    -0.009160456658617748
639    -0.01592707613563338
640    -0.022368323384894532
641    -0.028403257978592944
642    -0.03395926506727817
643    -0.038972776506099954
644    -0.0433889796054395
645    -0.04716097764784505
646    -0.05024910709511262
647    -0.05262102935618258
648    -0.054252777775247535
649    -0.05513037746615488
650    -0.0552513109313278
651    -0.054625135672773446
652    -0.053272877496513014
653    -0.05122528235789421
654    -0.048520460178476124
655    -0.04520172922111458
656    -0.0413164077000838
657    -0.03691584220824131
658    -0.03205630676504915
659    -0.026799953443761407
660    -0.02121499651131341
661    -0.01537468405878174
662    -0.009355140202061693
663    -0.0032326454511872253
664    0.0029187932620093606
665    0.009028784489261026
666    0.015030465816781599
667    0.020859350413659394
668    0.026452007191753897
669    0.031745513436666956
670    0.03667819692074908
671    0.04119158696515363
672    0.0452329844634442
673    0.04875778263766184
674    0.051730712131662644
675    0.054125601325730875
676    0.05592392158897531
677    0.05711297646716441
678    0.057684716053184815
679    0.05763576507530223
680    0.05696864125563705
681    0.055693616888182605
682    0.05383039282046752
683    0.051408764205956775
684    0.04846780435800485
685    0.04505371417703212
686    0.041217102616537764
687    0.037010703899691744
688    0.03248825010178356
689    0.02770462429811898
690    0.022716863424736517
691    0.017585247884950764
692    0.012373665690310834
693    0.007148708945729234
694    0.001977518146901683
695    -0.0030749910397722775
696    -0.007948557036053005
697    -0.012588871636773667
698    -0.016947507894216823
699    -0.020980810281762484
700    -0.02464845435912346
701    -0.027912485098389988
702    -0.030737439589260084
703    -0.03309166171109367
704    -0.03494931886465789
705    -0.03629226768600373
706    -0.03711100203574194
707    -0.03740436579232034
708    -0.03717824309155089
709    -0.036443815896569996
710    -0.03521612017925557
711    -0.033513491751472474
712    -0.03135807269565782
713    -0.028777016134725896
714    -0.025803678212787735
715    -0.022478111863676972
716    -0.018846516260382282
717    -0.014959734557999487
718    -0.010871238526390407
719    -0.0066352053206351945
720    -0.0023052298708791225
721    0.002066088968432285
722    0.006426880266969126
723    0.010725551310477182
724    0.014910679394264015
725    0.018931549805730502
726    0.022739340412544228
727    0.026288680312867376
728    0.029539139984410365
729    0.03245620796578755
730    0.03501151523764908
731    0.03718239832062321
732    0.038951146188423026
733    0.04030432347132618
734    0.04123244080344539
735    0.041730060644721505
736    0.04179623778959093
737    0.041435031764864655
738    0.04065577332197
739    0.039472885928387026
740    0.03790530047364666
741    0.035975684490770495
742    0.033709726707293414
743    0.03113563558089956
744    0.028283925930959398
745    0.025187476779730582
746    0.0218817169932682
747    0.018404715301217633
748    0.014797015718808312
749    0.011101225119517433
750    0.007361465164395906
751    0.003622768829233033
752    -6.956142706433658e-05
753    -0.003670602132946112
754    -0.007136402032107466
755    -0.010424507939079007
756    -0.013494480510703403
757    -0.01630843744415226
758    -0.018831582195879406
759    -0.02103266060915268
760    -0.02288437711662954
761    -0.024363868386283353
762    -0.02545325774937333
763    -0.026140187678810396
764    -0.026418205512007444
765    -0.026286941969872066
766    -0.02575206078627731
767    -0.024824953767556383
768    -0.02352219592716786
769    -0.021864891650917463
770    -0.0198781155145965
771    -0.01759056034722198
772    -0.015034329396534478
773    -0.012244722546694288
774    -0.009259902210283102
775    -0.006120376895856124
776    -0.00286826139651876
777    0.0004536682560424948
778    0.003802976956589064
779    0.007138383548934309
780    0.01042020140212475
781    0.013610415893193284
782    0.01667256491050575
783    0.019571624421663814
784    0.022274074993798326
785    0.024748282861974037
786    0.02696521871011726
787    0.028899347684452265
788    0.03052937578447907
789    0.03183857686991778
790    0.03281463810310748
791    0.03344918967904498
792    0.03373730110129735
793    0.03367722263903976
794    0.03327055806113073
795    0.03252287032606087
796    0.03144447968475657
797    0.030051046358884857
798    0.028363584858496695
799    0.02640781608615769
800    0.02421305756182063
801    0.021811021141520483
802    0.019234879375577715
803    0.01651882169888047
804    0.013698100522420343
805    0.01080931268548603
806    0.007890498323522769
807    0.0049807003209467095
808    0.002118902333385026
809    -0.0006574187460740809
810    -0.0033137111329097006
811    -0.005819344584857438
812    -0.008147959543329518
813    -0.010277182055104406
814    -0.012187967629330937
815    -0.013863997080181262
816    -0.015291498915654376
817    -0.016459615689361117
818    -0.01736111895496499
819    -0.017993089924257334
820    -0.018357196638628677
821    -0.01845936487431742
822    -0.018308871772594777
823    -0.01791712515556395
824    -0.017296547866984046
825    -0.01645996106818161
826    -0.015420629443447171
827    -0.014192815069364937
828    -0.012792463763910265
829    -0.011237625573844792
830    -0.00954836452934146
831    -0.007746145275575994
832    -0.005852912378849092
833    -0.0038902269002196433
834    -0.0018788169336175524
835    0.00016128991305282145
836    0.0022101737589191716
837    0.0042473254662540585
838    0.006251244405203286
839    0.008199571012670617
840    0.010069748299625595
841    0.011839994344624282
842    0.013490245595821413
843    0.015002740352679678
844    0.016362077363547996
845    0.017554845576946036
846    0.0185691372916657
847    0.019394295890817512
848    0.020021092801721943
849    0.02044229827964669
850    0.020653435453295337
851    0.02065342971375805
852    0.020444890363636184
853    0.020033901941239062
854    0.019429418407692085
855    0.018642527439524083
856    0.01768588124136937
857    0.016573466077150562
858    0.015320691710096175
859    0.01394463559833733
860    0.012464216378678748
861    0.010900091576798098
862    0.009274184231964498
863    0.0076089220485114845
864    0.005926425051600344
865    0.004247903839653442
866    0.0025934215035062287
867    0.0009820003512706584
868    -0.0005680906708873748
869    -0.0020390973261527204
870    -0.0034137960292081656
871    -0.004675855681118767
872    -0.005810452712826715
873    -0.006804894977621407
874    -0.007649000860392704
875    -0.008335112796197792
876    -0.008857804954332325
877    -0.009213478810149587
878    -0.009400083195524935
879    -0.00941713877094273
880    -0.009266097473679652
881    -0.008950873559013662
882    -0.00847825741397791
883    -0.007857965401372777
884    -0.007102261304539482
885    -0.006225276603497121
886    -0.005242263868105643
887    -0.004169026198255452
888    -0.003021684386120173
889    -0.0018167832274988565
890    -0.0005715541298558722
891    0.0006959505163180435
892    0.0019670679028417786
893    0.0032231046236047165
894    0.004446129537878096
895    0.00561974419380253
896    0.006729610126006598
897    0.007763592836370309
898    0.008711520330229936
899    0.009564720527328428
900    0.010315605982113157
901    0.010957533367409716
902    0.011485002307726741
903    0.011894083369611414
904    0.012182868145519143
905    0.012351726268431782
906    0.012403212457472076
907    0.012341589813217325
908    0.012172105892356084
909    0.011900293694584988
910    0.011531567279394762
911    0.01107123465186595
912    0.010524855595395241
913    0.009898732335640975
914    0.009200279508008577
915    0.008438070693542393
916    0.007621493424607259
917    0.006760135246741827
918    0.005863178084365116
919    0.004939087672362922
920    0.0039957361137162445
921    0.003040884641538015
922    0.0020827944367833584
923    0.0011306841520747639
924    0.0001948152639440291
925    -0.0007138624721144855
926    -0.0015843770543224579
927    -0.0024064362318126494
928    -0.003170885269927965
929    -0.0038697804719570097
930    -0.004496132023843311
931    -0.005043514381000542
932    -0.005505786693055739
933    -0.005877108181937874
934    -0.006152298267915727
935    -0.0063274261216446715
936    -0.006400396737424247
937    -0.006371298654006565
938    -0.006242390519395492
939    -0.006017758678614818
940    -0.0057027998713829586
941    -0.005303731513897133
942    -0.004827298902583032
943    -0.0042807481568739045
944    -0.0036720059954084097
945    -0.0030099093292177935
946    -0.002304310180688465
947    -0.0015659475419130648
948    -0.0008060840700687458
949    -3.600259677754632e-05
950    0.0007334869517599423
951    0.001492385756751608
952    0.0022316091002809895
953    0.0029428685207560598
954    0.003618433239878726
955    0.0042509090074263805
956    0.004833150877682051
957    0.005358362183443491
958    0.005820353203986222
959    0.006213869181887582
960    0.00653487415213552
961    0.006780701897699058
962    0.0069500411094239435
963    0.007042786083886281
964    0.007059830207545861
965    0.007002890251798552
966    0.006874428057207232
967    0.006677690350068945
968    0.00641683322664952
969    0.00609705882491307
970    0.0057246836334872995
971    0.00530707968586591
972    0.004852468222901379
973    0.004369589016535554
974    0.003867308055867544
975    0.003354249682479261
976    0.0028385315882770673
977    0.0023276414304548502
978    0.001828440308898162
979    0.0013472347532234653
980    0.0008898403256119398
981    0.00046156925723286657
982    6.711033722012318e-05
983    -0.00028967467312262195
984    -0.00060596076783188
985    -0.0008800791049408292
986    -0.0011114765196468005
987    -0.001300504769727831
988    -0.0014480940023990627
989    -0.001555409047196274
990    -0.0016235949438850547
991    -0.0016536809870779652
992    -0.0016466393557985613
993    -0.0016035169988148092
994    -0.0015255121062990888
995    -0.0014138574419201167
996    -0.001269366051929488
997    -0.0010913637688029
998    -0.0008749613118166847
999    -0.000600533604531562
