0.0    0.027515639021457018
33.423256031878964    0.01325599695702889
66.84651206375793    0.00835729709336623
100.26976809563688    0.008496969898124426
133.69302412751586    0.008409426645971592
167.11628015939482    0.0073456052073969415
200.53953619127375    0.006690763210326789
233.96279222315272    0.008275422231625723
267.3860482550317    0.00811144401653358
300.8093042869106    0.01198924247537675
334.23256031878964    0.013115231554958503
367.65581635066854    0.009592475685460513
401.0790723825475    0.012928535621503714
434.50232841442653    0.019998861578136382
467.92558444630544    0.025372485022206834
501.34884047818446    0.04154150403478358
534.7720965100634    0.0667601242995641
568.1953525419424    0.15233571340918856
601.6186085738212    0.22221022418907269
635.0418646057003    0.0928527044081572
668.4651206375793    0.06165840127650635
701.8883766694581    0.04488033228716351
735.3116327013371    0.03683158539749494
768.7348887332162    0.0309944923284172
802.158144765095    0.02631023498337377
835.581400796974    0.022964747706552335
869.0046568288531    0.021126318294741556
902.427912860732    0.01935409913207314
935.8511688926109    0.0179254827947264
969.2744249244898    0.016672411038547472
1002.6976809563689    0.015223005749553813
1036.1209369882479    0.01514716066482992
1069.5441930201268    0.01436706232518572
1102.9674490520058    0.013611176213534621
1136.3907050838848    0.012755582146677949
1169.8139611157637    0.01213777343015977
1203.2372171476425    0.011451225919404024
1236.6604731795214    0.011067029802840685
1270.0837292114006    0.010551086589545927
1303.5069852432796    0.010127510812252468
1336.9302412751586    0.009686968350358368
1370.3534973070375    0.009536033719836145
1403.7767533389163    0.009586528946094639
1437.2000093707952    0.00921891700535266
1470.6232654026742    0.00902249101920476
1504.0465214345534    0.008606670526599042
1537.4697774664323    0.00837545757481399
1570.8930334983113    0.008103599097488545
1604.31628953019    0.007859823851738447
1637.739545562069    0.007656763728284075
1671.162801593948    0.007463755568502382
1704.586057625827    0.0072749149253950205
1738.0093136577061    0.007089707410992749
1771.432569689585    0.006917611459926025
1804.855825721464    0.00675106587807693
1838.2790817533428    0.006599945600736967
1871.7023377852217    0.0064518873853400445
1905.1255938171007    0.006315583193069155
1938.5488498489797    0.006184354218362422
1971.9721058808589    0.006059937677036166
2005.3953619127378    0.005939684662348632
2038.8186179446166    0.005827538034778281
2072.2418739764958    0.005718349728994344
2105.6651300083745    0.005612440737109349
2139.0883860402537    0.005510893877582353
2172.5116420721324    0.005412937399697237
2205.9348981040116    0.005319702605641581
2239.3581541358903    0.0052298544084297596
2272.7814101677695    0.005142795050336191
2306.2046661996487    0.005058755288170115
2339.6279222315275    0.004977786299216482
2373.051178263406    0.0049001960118733095
2406.474434295285    0.004824243268962557
2439.897690327164    0.004751337958600522
2473.320946359043    0.004680435645081814
2506.744202390922    0.004612209624238252
2540.1674584228012    0.004545607677578703
2573.59071445468    0.004481740521844262
2607.013970486559    0.004419138502118318
2640.437226518438    0.004358698315852433
2673.860482550317    0.004299523156755694
2707.283738582196    0.004242584082111651
2740.706994614075    0.004187192326965843
2774.130250645954    0.004133352643906683
2807.5535066778325    0.004080638229195655
2840.9767627097117    0.004029718640628005
2874.4000187415904    0.003979827526823805
2907.8232747734696    0.003931448018350226
2941.2465308053484    0.0038841688556801434
2974.6697868372275    0.003838030378101453
3008.0930428691067    0.003793081050315957
3041.5162989009855    0.0037489222607658868
3074.9395549328647    0.003706322287520954
3108.3628109647434    0.0036645244289357014
3141.7860669966226    0.003623753744449021
3175.2093230285013    0.003583520647150702
3208.63257906038    0.003544603133700843
3242.0558350922593    0.0035059695371898953
3275.479091124138    0.003468941523510192
3308.902347156017    0.0034326301628857595
3342.325603187896    0.003396057068266836
3375.748859219775    0.0033610801576620737
3409.172115251654    0.0033277914895464018
3442.595371283533    0.003293421339815767
3476.0186273154122    0.003257405712372943
3509.441883347291    0.003231093613389102
3542.86513937917    0.0031995676474768507
3576.288395411049    0.0031724394632086676
3609.711651442928    0.003139726753874595
3643.1349074748064    0.0031260141550155753
3676.5581635066856    0.0031000969339399914
3709.9814195385648    0.00307640442748024
3743.4046755704435    0.003056304316648838
3776.8279316023227    0.0030292506676020347
3810.2511876342014    0.002997004216870487
3843.6744436660806    0.002965740371971958
3877.0976996979593    0.0029380763004193235
3910.5209557298385    0.002911567367085566
3943.9442117617177    0.0028857858142421287
3977.3674677935965    0.0028609363648657554
4010.7907238254757    0.0028366551565461497
4044.2139798573544    0.0028130312294580087
4077.637235889233    0.002789682123723474
4111.060491921112    0.0027671076224270843
4144.4837479529915    0.00274467815438641
4177.90700398487    0.0027228504636516724
4211.330260016749    0.002701348788924048
4244.753516048628    0.002680303551464794
4278.176772080507    0.0026597128466938533
4311.600028112386    0.0026392380251155276
4345.023284144265    0.0026192844225844804
4378.4465401761445    0.0025995733445073046
4411.869796208023    0.002580348470591377
4445.293052239902    0.002561303997389021
4478.716308271781    0.0025425710478439085
4512.13956430366    0.002524323373012681
4545.562820335539    0.002506206069514354
4578.986076367418    0.002488449482711273
4612.409332399297    0.0024710607087575034
4645.832588431176    0.002453724174426229
4679.255844463055    0.0024367335403782716
4712.679100494933    0.0024200174649161763
4746.102356526812    0.0024035432624275365
4779.525612558691    0.0023873276910321
4812.94886859057    0.002371367146894632
4846.3721246224495    0.0023556547220875677
4879.795380654328    0.002340171411216313
4913.218636686207    0.002324920327345568
4946.641892718086    0.002309900378429104
4980.065148749965    0.0022950997314652908
5013.488404781844    0.0022805130414194352
5046.911660813723    0.0022661366357145086
5080.3349168456025    0.002251967024666298
5113.758172877481    0.002238000285797641
5147.18142890936    0.0022242296289384125
5180.604684941239    0.0022106548225236475
5214.027940973118    0.002197268092964672
5247.451197004997    0.0021840703656594946
5280.874453036876    0.002171051085028821
5314.2977090687555    0.0021582122640714722
5347.720965100634    0.002145547149692135
5381.144221132513    0.002133053184486922
5414.567477164392    0.0021207284307784347
5447.990733196271    0.0021085678979102917
5481.41398922815    0.00209656941676224
5514.837245260029    0.002084728974226968
5548.260501291908    0.00207304481525995
5581.683757323786    0.0020615128070335066
5615.107013355665    0.0020501311514860452
5648.530269387544    0.002038896462212123
5681.953525419423    0.002027806052097181
5715.376781451302    0.0020168575589136245
5748.800037483181    0.0020060480805749437
5782.2232935150605    0.0019953754725795
5815.646549546939    0.001984837458873661
5849.069805578818    0.001974430796882505
5882.493061610697    0.0019641535064383936
5915.916317642576    0.001954003547122143
5949.339573674455    0.0019439788699198424
5982.762829706334    0.0019340768949111225
6016.1860857382135    0.001924295841286873
6049.609341770092    0.0019146332914446833
6083.032597801971    0.0019050873263393047
6116.45585383385    0.0018956564846770768
6149.879109865729    0.0018863382842626347
6183.302365897608    0.0018771307046047455
6216.725621929487    0.0018680322029355182
6250.148877961366    0.0018590412888938026
6283.572133993245    0.0018501559339849536
6316.995390025124    0.0018413740512397165
6350.418646057003    0.0018326943265738653
6383.841902088882    0.0018241152965501792
6417.26515812076    0.0018156350997893178
6450.688414152639    0.0018072515730042718
6484.1116701845185    0.0017989649460743431
6517.534926216397    0.0017907718348445759
6550.958182248276    0.0017826713060208484
6584.381438280155    0.0017746633304015558
6617.804694312034    0.001766743451767468
6651.227950343913    0.001758913863732166
6684.651206375792    0.001751170472994344
6718.0744624076715    0.0017435132983407095
6751.49771843955    0.0017359423028474148
6784.920974471429    0.001728451872932169
6818.344230503308    0.0017210447189321726
6851.767486535187    0.001713717643571624
6885.190742567066    0.0017064715796769536
6918.613998598945    0.0016993065190202483
6952.0372546308245    0.0016922164130193003
6985.460510662703    0.0016851991812654266
7018.883766694582    0.0016782622491738214
7052.307022726461    0.0016713984857628426
7085.73027875834    0.001664600442825978
7119.153534790219    0.0016578907613365725
7152.576790822098    0.0016512365581626556
7186.000046853977    0.0016446566780102616
7219.423302885856    0.0016381451231324425
7252.846558917735    0.001631704638492258
7286.269814949613    0.0016253287528886185
7319.693070981492    0.0016190253126794575
7353.116327013371    0.0016127824982072984
7386.53958304525    0.0016065989119641612
7419.9628390771295    0.001600484521021874
7453.386095109008    0.001594430858206372
7486.809351140887    0.0015884383607368715
7520.232607172766    0.0015825056348716274
7553.655863204645    0.0015766371777171401
7587.079119236524    0.00157082379256469
7620.502375268403    0.0015650693911077782
7653.9256313002825    0.001559372789441077
7687.348887332161    0.0015537340254178043
7720.77214336404    0.0015481520190856065
7754.195399395919    0.0015426254601347562
7787.618655427798    0.0015371538376303979
7821.041911459677    0.0015317365976801273
7854.465167491556    0.0015263726933311683
7887.888423523435    0.00152106189016485
7921.311679555314    0.0015158030529291194
7954.734935587193    0.001510595798537164
7988.158191619072    0.0015054395795892342
8021.581447650951    0.0015003335495947538
8055.00470368283    0.001495277059018248
8088.427959714709    0.0014902697363020345
8121.851215746588    0.0014853109145433595
8155.274471778466    0.0014803996523990314
8188.697727810345    0.0014755356186753963
8222.120983842224    0.0014707184912097894
8255.544239874103    0.0014659475118615304
8288.967495905983    0.0014612218427130258
8322.39075193786    0.0014565413620238252
8355.81400796974    0.0014519054561136083
8389.237264001618    0.0014473135022488538
8422.660520033498    0.0014427650160785677
8456.083776065378    0.0014382594865484668
8489.507032097255    0.001433796445550101
8522.930288129135    0.001429375447288091
8556.353544161015    0.0014249958599823211
8589.776800192893    0.0014206574022253098
8623.200056224772    0.0014163594966958167
8656.623312256652    0.0014121017163141144
8690.04656828853    0.0014078835896241093
8723.46982432041    0.0014037046925912137
8756.893080352289    0.0013995645854052872
8790.316336384167    0.0013954628518349761
8823.739592416046    0.0013913990509720274
8857.162848447924    0.0013873727602171093
8890.586104479804    0.0013833836020311788
8924.009360511684    0.0013794311387351644
8957.432616543561    0.0013755149958470053
8990.855872575441    0.0013716347970549804
9024.27912860732    0.0013677901221826072
9057.702384639198    0.0013639806161732163
9091.125640671078    0.001360205893659159
9124.548896702958    0.0013564656049610342
9157.972152734836    0.0013527593870798452
9191.395408766715    0.0013490868671181483
9224.818664798595    0.0013454477270288191
9258.241920830473    0.0013418415811099703
9291.665176862352    0.0013382681138396784
9325.08843289423    0.001334726997435459
9358.51168892611    0.001331217897360312
9391.93494495799    0.0013277404762556124
9425.358200989866    0.0013242944293629865
9458.781457021745    0.0013208794414460005
9492.204713053625    0.001317495184882519
9525.627969085503    0.0013141413695762555
9559.051225117382    0.0013108176996443068
9592.474481149262    0.0013075238690644867
9625.89773718114    0.0013042595785681245
9659.32099321302    0.0013010245580153546
9692.744249244899    0.001297818515045232
9726.167505276777    0.001294641166278048
9759.590761308657    0.0012914922411461842
9793.014017340534    0.0012883714715310481
9826.437273372414    0.0012852785758928743
9859.860529404294    0.0012822133036285012
9893.283785436171    0.001279175388426155
9926.707041468051    0.0012761645847463143
9960.13029749993    0.001273180615632542
9993.553553531809    0.0012702232679345287
10026.976809563688    0.0012672922604821993
10060.400065595568    0.0012643873557041886
10093.823321627446    0.0012615083614470406
10127.246577659325    0.0012586549753037235
10160.669833691205    0.0012558270107794333
10194.093089723083    0.0012530242224781682
10227.516345754962    0.0012502463882565732
10260.93960178684    0.0012474932741128658
10294.36285781872    0.0012447646833962708
10327.7861138506    0.0012420603881621052
10361.209369882477    0.00123938018687245
10394.632625914357    0.0012367238316516667
10428.055881946237    0.0012340911787620638
10461.479137978115    0.0012314819391466402
10494.902394009994    0.0012288959618063776
10528.325650041874    0.0012263330849493256
10561.748906073752    0.0012237930443047068
10595.172162105631    0.001221275663106526
10628.595418137511    0.0012187808157546958
10662.018674169389    0.0012163082126929042
10695.441930201268    0.0012138576653982634
10728.865186233146    0.0012114291592828388
10762.288442265026    0.0012090222670345602
10795.711698296906    0.0012066370607943225
10829.134954328783    0.001204273132913222
10862.558210360663    0.0012019304887594638
10895.981466392543    0.0011996088525463116
10929.40472242442    0.0011973081074827354
10962.8279784563    0.001195028060860903
10996.25123448818    0.001192768549127016
11029.674490520058    0.00119052942393932
11063.097746551937    0.0011883105238492037
11096.521002583817    0.001186111676062019
11129.944258615693    0.0011839327392013511
11163.367514647573    0.0011817735570169494
11196.79077067945    0.0011796339820803123
11230.21402671133    0.001177513841043297
11263.63728274321    0.0011754130115216677
11297.060538775087    0.0011733313298821987
11330.483794806967    0.0011712686768649775
11363.907050838847    0.001169224886433005
11397.330306870725    0.0011671998273368428
11430.753562902604    0.0011651933656520717
11464.176818934484    0.0011632053586836729
11497.600074966362    0.0011612356811496593
11531.023330998241    0.0011592841863629273
11564.446587030121    0.0011573507499581894
11597.869843061999    0.0011554352523946133
11631.293099093878    0.0011535375411467449
11664.716355125756    0.0011516575194272449
11698.139611157636    0.0011497950437162987
11731.562867189516    0.001147949993449833
11764.986123221393    0.0011461222597586311
11798.409379253273    0.0011443117061212453
11831.832635285153    0.001142518224837641
11865.25589131703    0.0011407417014147958
11898.67914734891    0.001138982011783543
11932.10240338079    0.0011372390467928256
11965.525659412668    0.0011355127007682134
11998.948915444547    0.00113380285558384
12032.372171476427    0.0011321094048873399
12065.795427508305    0.0011304322387423284
12099.218683540184    0.0011287712545154556
12132.641939572064    0.0011271263469895313
12166.065195603942    0.0011254974106900163
12199.488451635822    0.0011238843435345534
12232.9117076677    0.0011222870461344726
12266.334963699579    0.0011207054210885773
12299.758219731459    0.0011191393660818997
12333.181475763336    0.0011175887880642442
12366.604731795216    0.0011160535880532986
12400.027987827096    0.0011145336740911057
12433.451243858974    0.0011130289518492054
12466.874499890853    0.001111539332271188
12500.297755922733    0.0011100647205533167
12533.72101195461    0.0011086050305713522
12567.14426798649    0.0011071601725323227
12600.56752401837    0.0011057300585636141
12633.990780050248    0.00110431460634251
12667.414036082127    0.0011029137286366676
12700.837292114005    0.001101527341480244
12734.260548145885    0.001100155360923716
12767.683804177765    0.001098797709934476
12801.107060209642    0.0010974543030562126
12834.53031624152    0.0010961250664956676
12867.9535722734    0.001094809917611387
12901.376828305278    0.0010935087815346497
12934.800084337157    0.0010922215807730774
12968.223340369037    0.0010909482417859404
13001.646596400915    0.0010896886889360641
13035.069852432795    0.001088442850298371
13068.493108464674    0.001087210652685609
13101.916364496552    0.0010859920267844564
13135.339620528432    0.0010847869006902124
13168.76287656031    0.001083595205742149
13202.18613259219    0.001082416874555264
13235.609388624069    0.0010812518380919204
13269.032644655947    0.0010801000316486428
13302.455900687826    0.001078961390001446
13335.879156719706    0.0010778358472389473
13369.302412751584    0.001076723340951597
13402.725668783463    0.0010756238067976477
13436.148924815343    0.0010745371854748163
13469.57218084722    0.0010734634128922664
13502.9954368791    0.001072402432902555
13536.41869291098    0.0010713541822627713
13569.841948942858    0.0010703186048232343
13603.265204974738    0.0010692956431639195
13636.688461006615    0.0010682852397303146
13670.111717038495    0.0010672873386011587
13703.534973070375    0.001066301887144837
13736.958229102253    0.001065328825120763
13770.381485134132    0.001064368105841431
13803.804741166012    0.001063419672494273
13837.22799719789    0.001062483475016784
13870.65125322977    0.0010615594609665788
13904.074509261649    0.0010606475811094365
13937.497765293527    0.0010597477854382656
13970.921021325406    0.001058860025653446
14004.344277357286    0.0010579842520849253
14037.767533389164    0.0010571204204786124
14071.190789421044    0.0010562684796062546
14104.614045452921    0.0010554283874141404
14138.037301484801    0.0010546000986791186
14171.46055751668    0.0010537835676932145
14204.883813548558    0.001052978748698058
14238.307069580438    0.0010521856038795917
14271.730325612318    0.0010514040864762608
14305.153581644196    0.0010506341566543338
14338.576837676075    0.0010498757770329315
14372.000093707955    0.0010491288953285009
14405.423349739833    0.0010483934906189392
14438.846605771712    0.0010476695052994759
14472.269861803592    0.001046956915203762
14505.69311783547    0.0010462556748003498
14539.11637386735    0.0010455657487106888
14572.539629899225    0.0010448871037284882
14605.962885931105    0.0010442197014751467
14639.386141962985    0.001043563507194521
14672.809397994863    0.0010429184878718914
14706.232654026742    0.0010422846090632296
14739.655910058622    0.0010416618374326212
14773.0791660905    0.0010410501411927044
14806.50242212238    0.0010404494878621638
14839.925678154259    0.0010398598467556241
14873.348934186137    0.001039281187308945
14906.772190218016    0.001038713479385967
14940.195446249896    0.0010381566942762631
14973.618702281774    0.0010376108019297876
15007.041958313654    0.001037075776245264
15040.465214345531    0.0010365515870782716
15073.888470377411    0.001036038209542318
15107.31172640929    0.0010355356170781967
15140.734982441169    0.0010350437826093732
15174.158238473048    0.0010345626816878966
15207.581494504928    0.0010340922907137058
15241.004750536806    0.0010336325839253287
15274.428006568685    0.0010331835385720691
15307.851262600565    0.0010327451321560303
15341.274518632443    0.0010323173413925484
15374.697774664322    0.0010319001458654468
15408.121030696202    0.0010314935233451423
15441.54428672808    0.0010310974527782517
15474.96754275996    0.0010307119151531372
15508.390798791837    0.0010303368906061957
15541.814054823717    0.001029972359569593
15575.237310855597    0.001029618304442291
15608.660566887474    0.0010292747060264857
15642.083822919354    0.0010289415487903606
15675.507078951234    0.0010286188144648354
15708.930334983112    0.0010283064871332954
15742.353591014991    0.001028004551506156
15775.77684704687    0.0010277129918767535
15809.200103078749    0.0010274317931786275
15842.623359110628    0.0010271609421456274
15876.046615142508    0.0010269004254147443
15909.469871174386    0.0010266502283412483
15942.893127206265    0.0010264103395145022
15976.316383238143    0.0010261807475890569
16009.739639270023    0.001025961438801562
16043.162895301903    0.0010257524038184901
16076.58615133378    0.0010255536321049942
16110.00940736566    0.0010253651136529383
16143.43266339754    0.0010251868384273267
16176.855919429418    0.0010250187978307122
16210.279175461297    0.0010248609841350472
16243.702431493177    0.0010247133881746027
16277.125687525053    0.001024576003235177
16310.548943556932    0.0010244488224093193
16343.972199588812    0.0010243318402400302
16377.39545562069    0.0010242250491593967
16410.81871165257    0.001024128444897774
16444.241967684447    0.0010240420218614894
16477.66522371633    0.0010239657766637823
16511.088479748207    0.0010238997062790149
16544.511735780085    0.0010238438051398413
16577.934991811966    0.0010237980716103095
16611.358247843844    0.0010237625037066073
16644.78150387572    0.0010237370992098082
16678.204759907603    0.001023721857178521
