0.0    0.022288885514519442
33.423256031878964    0.012801046732932862
66.84651206375793    0.009568310495346696
100.26976809563688    0.008940935349239593
133.69302412751586    0.00863822700522781
167.11628015939482    0.007709513129228541
200.53953619127375    0.00706613224393791
233.96279222315272    0.00832897191688104
267.3860482550317    0.008268677476144803
300.8093042869106    0.01152602284389204
334.23256031878964    0.01250375197131758
367.65581635066854    0.010017043833659457
401.0790723825475    0.013021100015491413
434.50232841442653    0.019611802437311216
467.92558444630544    0.02547727245719503
501.34884047818446    0.040273268021953336
534.7720965100634    0.06497511512092874
568.1953525419424    0.14316862194145794
601.6186085738212    0.19324163329640826
635.0418646057003    0.09142883027262752
668.4651206375793    0.05997195005214272
701.8883766694581    0.0441845628127701
735.3116327013371    0.03598551114791586
768.7348887332162    0.030195590688079053
802.158144765095    0.02578455219261605
835.581400796974    0.02265172335496076
869.0046568288531    0.02065397721841865
902.427912860732    0.018887442209985752
935.8511688926109    0.017563984252759384
969.2744249244898    0.016421876342670116
1002.6976809563689    0.01519567974044918
1036.1209369882479    0.01493921455050215
1069.5441930201268    0.014168397471183378
1102.9674490520058    0.01339420998355346
1136.3907050838848    0.012553983418058355
1169.8139611157637    0.011927231547425723
1203.2372171476425    0.011292031311187061
1236.6604731795214    0.010884963786078313
1270.0837292114006    0.010371063925370289
1303.5069852432796    0.009948339396560871
1336.9302412751586    0.009545877610656665
1370.3534973070375    0.009429746624477793
1403.7767533389163    0.009437205051948873
1437.2000093707952    0.009079788134594556
1470.6232654026742    0.008859548279205058
1504.0465214345534    0.008480602960643036
1537.4697774664323    0.008236479092588622
1570.8930334983113    0.007970982869524733
1604.31628953019    0.007731092427519381
1637.739545562069    0.007528082777110534
1671.162801593948    0.00733643036013746
1704.586057625827    0.007149514757867999
1738.0093136577061    0.006968064875447975
1771.432569689585    0.0067983276458511875
1804.855825721464    0.006635036009478993
1838.2790817533428    0.006485920021521592
1871.7023377852217    0.006341416002877018
1905.1255938171007    0.006207006370101049
1938.5488498489797    0.006078091049412485
1971.9721058808589    0.005955334861786486
2005.3953619127378    0.005837118767348975
2038.8186179446166    0.005726432513238494
2072.2418739764958    0.005619187430700418
2105.6651300083745    0.005515375376849152
2139.0883860402537    0.005415626051271839
2172.5116420721324    0.005319431482958976
2205.9348981040116    0.00522753283196116
2239.3581541358903    0.0051390667334170114
2272.7814101677695    0.005053565505693348
2306.2046661996487    0.004970996945269406
2339.6279222315275    0.004891417707988976
2373.051178263406    0.0048149871337786615
2406.474434295285    0.004740413434944983
2439.897690327164    0.004668693668702766
2473.320946359043    0.004599039446694465
2506.744202390922    0.00453191301335542
2540.1674584228012    0.00446654388767996
2573.59071445468    0.004403638031973469
2607.013970486559    0.004342171515212972
2640.437226518438    0.004282783579283694
2673.860482550317    0.00422473917315713
2707.283738582196    0.004168722480967233
2740.706994614075    0.004114234539921817
2774.130250645954    0.00406127766628034
2807.5535066778325    0.004009514876532016
2840.9767627097117    0.003959418455821155
2874.4000187415904    0.003910437677342722
2907.8232747734696    0.003862865435111122
2941.2465308053484    0.0038163950351409724
2974.6697868372275    0.0037710444975542295
3008.0930428691067    0.0037268120055099544
3041.5162989009855    0.0036834696323168963
3074.9395549328647    0.003641544339720036
3108.3628109647434    0.003600475454661048
3141.7860669966226    0.0035603915598485837
3175.2093230285013    0.0035209100268376444
3208.63257906038    0.0034826544798277075
3242.0558350922593    0.00344487791958544
3275.479091124138    0.0034083858295795464
3308.902347156017    0.003372509893119526
3342.325603187896    0.0033366883371583264
3375.748859219775    0.0033025525433012255
3409.172115251654    0.0032696355476109122
3442.595371283533    0.0032359832462282422
3476.0186273154122    0.00320252429544541
3509.441883347291    0.0031754028602220966
3542.86513937917    0.003144313849538704
3576.288395411049    0.003117654170056965
3609.711651442928    0.0030880370487767054
3643.1349074748064    0.003071520433916839
3676.5581635066856    0.0030466058555587705
3709.9814195385648    0.0030231451409773093
3743.4046755704435    0.0030013462905121853
3776.8279316023227    0.0029756412567423013
3810.2511876342014    0.0029452682954614427
3843.6744436660806    0.0029146593416931287
3877.0976996979593    0.002887295957889589
3910.5209557298385    0.002861180523043224
3943.9442117617177    0.002835823387594497
3977.3674677935965    0.002811370874012986
4010.7907238254757    0.002787509078714175
4044.2139798573544    0.0027642237761773174
4077.637235889233    0.0027412569780582503
4111.060491921112    0.002719003136997199
4144.4837479529915    0.002696986550007511
4177.90700398487    0.002675495563714551
4211.330260016749    0.0026543511591220425
4244.753516048628    0.0026336424387453134
4278.176772080507    0.0026133818119643782
4311.600028112386    0.0025933056407869835
4345.023284144265    0.0025736681091064217
4378.4465401761445    0.002554324228667623
4411.869796208023    0.002535409917234289
4445.293052239902    0.002516695565594837
4478.716308271781    0.0024983041648701343
4512.13956430366    0.002480327063965899
4545.562820335539    0.002462515233689207
4578.986076367418    0.002445062306877372
4612.409332399297    0.0024279606300768803
4645.832588431176    0.0024109460305692535
4679.255844463055    0.0023942442152716163
4712.679100494933    0.0023778147900120243
4746.102356526812    0.002361625226993633
4779.525612558691    0.0023456876259927255
4812.94886859057    0.0023300005006534844
4846.3721246224495    0.0023145563886862904
4879.795380654328    0.00229934099683846
4913.218636686207    0.002284353905279406
4946.641892718086    0.002269592017620851
4980.065148749965    0.0022550459783170257
5013.488404781844    0.0022407108510712212
5046.911660813723    0.0022265826675498205
5080.3349168456025    0.0022126578454523785
5113.758172877481    0.002198932215724753
5147.18142890936    0.0021853993423552433
5180.604684941239    0.0021720587693489523
5214.027940973118    0.0021589036756431276
5247.451197004997    0.0021459333148329232
5280.874453036876    0.0021331395128742574
5314.2977090687555    0.0021205225306950536
5347.720965100634    0.0021080765482599153
5381.144221132513    0.002095798833322463
5414.567477164392    0.002083687152433125
5447.990733196271    0.0020717370324770884
5481.41398922815    0.0020599461039507837
5514.837245260029    0.002048310761014638
5548.260501291908    0.0020368289062662405
5581.683757323786    0.0020254966935391618
5615.107013355665    0.002014312113588319
5648.530269387544    0.0020032720641675428
5681.953525419423    0.0019923738746755507
5715.376781451302    0.0019816151241553778
5748.800037483181    0.0019709930301069455
5782.2232935150605    0.001960505354254452
5815.646549546939    0.001950149900124385
5849.069805578818    0.0019399236976708472
5882.493061610697    0.0019298246999521838
5915.916317642576    0.0019198508539404005
5949.339573674455    0.001910000035130938
5982.762829706334    0.0019002698266687192
6016.1860857382135    0.0018906584178091665
6049.609341770092    0.001881163527229863
6083.032597801971    0.0018717832703286218
6116.45585383385    0.0018625160568724404
6149.879109865729    0.0018533595576064646
6183.302365897608    0.0018443118462827047
6216.725621929487    0.0018353713552991646
6250.148877961366    0.0018265365467773507
6283.572133993245    0.0018178054115820384
6316.995390025124    0.0018091759793309621
6350.418646057003    0.0018006470225193586
6383.841902088882    0.001792216949032603
6417.26515812076    0.0017838839654909149
6450.688414152639    0.0017756462598443584
6484.1116701845185    0.0017675034277194507
6517.534926216397    0.0017594527209398249
6550.958182248276    0.0017514930556939334
6584.381438280155    0.0017436239338534099
6617.804694312034    0.0017358418739416303
6651.227950343913    0.001728148171154191
6684.651206375792    0.0017205395265472944
6718.0744624076715    0.001713015303627803
6751.49771843955    0.0017055755072444571
6784.920974471429    0.0016982158954373598
6818.344230503308    0.0016909374599756507
6851.767486535187    0.0016837381088316526
6885.190742567066    0.0016766180325598846
6918.613998598945    0.0016695766409766215
6952.0372546308245    0.0016626099169001368
6985.460510662703    0.0016557154110478619
7018.883766694582    0.0016488983508936154
7052.307022726461    0.0016421539352709734
7085.73027875834    0.00163547656855831
7119.153534790219    0.0016288809497745837
7152.576790822098    0.0016223433044303625
7186.000046853977    0.0016158780491081811
7219.423302885856    0.001609480278705713
7252.846558917735    0.001603151734285943
7286.269814949613    0.0015968870032401418
7319.693070981492    0.0015906906460855894
7353.116327013371    0.001584556728617952
7386.53958304525    0.0015784829784436308
7419.9628390771295    0.0015724745435631916
7453.386095109008    0.0015665259661064434
7486.809351140887    0.0015606379532207336
7520.232607172766    0.0015548093315315085
7553.655863204645    0.0015490419745026896
7587.079119236524    0.0015433296067277912
7620.502375268403    0.0015376752854271978
7653.9256313002825    0.0015320779944255384
7687.348887332161    0.0015265373770872606
7720.77214336404    0.0015210524964070697
7754.195399395919    0.001515622188191772
7787.618655427798    0.0015102458458304835
7821.041911459677    0.0015049228494486285
7854.465167491556    0.001499652351838954
7887.888423523435    0.0014944340038281993
7921.311679555314    0.001489266778303276
7954.734935587193    0.0014841502283313326
7988.158191619072    0.0014790837514716162
8021.581447650951    0.0014740666252344523
8055.00470368283    0.001469098214868074
8088.427959714709    0.0014641780778438176
8121.851215746588    0.0014593055941574025
8155.274471778466    0.0014544798735545345
8188.697727810345    0.0014497005687522267
8222.120983842224    0.0014449673167545528
8255.544239874103    0.0014402794261447532
8288.967495905983    0.001435636130822788
8322.39075193786    0.0014310371932174104
8355.81400796974    0.001426482023997427
8389.237264001618    0.0014219700537410416
8422.660520033498    0.0014175008110842969
8456.083776065378    0.0014130737798284038
8489.507032097255    0.001408688504716912
8522.930288129135    0.0014043445228735163
8556.353544161015    0.0014000412592286018
8589.776800192893    0.0013957783900474254
8623.200056224772    0.0013915553735965418
8656.623312256652    0.0013873717791744408
8690.04656828853    0.0013832271589599085
8723.46982432041    0.0013791210881860722
8756.893080352289    0.001375053129115256
8790.316336384167    0.0013710228728268223
8823.739592416046    0.0013670298922974428
8857.162848447924    0.001363073772834701
8890.586104479804    0.0013591541374599332
8924.009360511684    0.0013552705669691357
8957.432616543561    0.001351422683602338
8990.855872575441    0.0013476101103946597
9024.27912860732    0.0013438324478394375
9057.702384639198    0.0013400893469499495
9091.125640671078    0.001336380427782417
9124.548896702958    0.0013327053378755973
9157.972152734836    0.0013290637249429695
9191.395408766715    0.001325455229770675
9224.818664798595    0.0013218795288625182
9258.241920830473    0.0013183362535765881
9291.665176862352    0.00131482508760534
9325.08843289423    0.0013113457087081917
9358.51168892611    0.001307897788152864
9391.93494495799    0.0013044809968059128
9425.358200989866    0.0013010950336435078
9458.781457021745    0.0012977395884572638
9492.204713053625    0.001294414342547667
9525.627969085503    0.0012911190080099031
9559.051225117382    0.0012878532926918127
9592.474481149262    0.0012846168977752761
9625.89773718114    0.0012814095319351889
9659.32099321302    0.0012782309250324582
9692.744249244899    0.0012750807909483446
9726.167505276777    0.0012719588519524891
9759.590761308657    0.0012688648417246956
9793.014017340534    0.001265798497288895
9826.437273372414    0.001262759544248729
9859.860529404294    0.0012597477318166891
9893.283785436171    0.001256762802005516
9926.707041468051    0.0012538045082198291
9960.13029749993    0.0012508725867815228
9993.553553531809    0.0012479668192948577
10026.976809563688    0.0012450869366250892
10060.400065595568    0.001242232706088363
10093.823321627446    0.0012394039245789482
10127.246577659325    0.001236600314672922
10160.669833691205    0.0012338216779989605
10194.093089723083    0.0012310677795450834
10227.516345754962    0.0012283384047339163
10260.93960178684    0.0012256333240311399
10294.36285781872    0.0012229523346196413
10327.7861138506    0.0012202952143444304
10361.209369882477    0.0012176617661360778
10394.632625914357    0.0012150517552544727
10428.055881946237    0.0012124650256608157
10461.479137978115    0.0012099013162081864
10494.902394009994    0.0012073604604592237
10528.325650041874    0.0012048422931097442
10561.748906073752    0.0012023465740889922
10595.172162105631    0.0011998731208509737
10628.595418137511    0.0011974217869706665
10662.018674169389    0.001194992325095195
10695.441930201268    0.0011925845533502374
10728.865186233146    0.0011901984044228645
10762.288442265026    0.001187833531771114
10795.711698296906    0.0011854899254514185
10829.134954328783    0.0011831672584454583
10862.558210360663    0.0011808654887712094
10895.981466392543    0.0011785843657845026
10929.40472242442    0.0011763237719402654
10962.8279784563    0.001174083517093491
10996.25123448818    0.0011718634372541968
11029.674490520058    0.0011696633867407573
11063.097746551937    0.001167483208722791
11096.521002583817    0.0011653227364952375
11129.944258615693    0.0011631818273857549
11163.367514647573    0.0011610603266573904
11196.79077067945    0.0011589580885524745
11230.21402671133    0.0011568749521381312
11263.63728274321    0.0011548107887523129
11297.060538775087    0.0011527654414123117
11330.483794806967    0.0011507387867689693
11363.907050838847    0.0011487306689057677
11397.330306870725    0.0011467409560769774
11430.753562902604    0.001144769515512182
11464.176818934484    0.0011428162086359885
11497.600074966362    0.0011408809098629427
11531.023330998241    0.0011389634790039968
11564.446587030121    0.0011370637920650143
11597.869843061999    0.0011351817282949273
11631.293099093878    0.0011333171455676428
11664.716355125756    0.0011314699405714273
11698.139611157636    0.001129639976343071
11731.562867189516    0.0011278271352304187
11764.986123221393    0.001126031306370579
11798.409379253273    0.0011242523601641763
11831.832635285153    0.0011224901875183163
11865.25589131703    0.001120744675767558
11898.67914734891    0.0011190157061045918
11932.10240338079    0.0011173031699106017
11965.525659412668    0.0011156069614906066
11998.948915444547    0.0011139269665434094
12032.372171476427    0.001112263080070245
12065.795427508305    0.0011106151950040328
12099.218683540184    0.0011089832092362377
12132.641939572064    0.0011073670193051106
12166.065195603942    0.0011057665222151199
12199.488451635822    0.0011041816180620923
12232.9117076677    0.0011026122090526762
12266.334963699579    0.0011010581979865506
12299.758219731459    0.0010995194858046677
12333.181475763336    0.0010979959801888858
12366.604731795216    0.001096487584870589
12400.027987827096    0.001094994209002652
12433.451243858974    0.0010935157597926608
12466.874499890853    0.0010920521492730837
12500.297755922733    0.0010906032856961214
12533.72101195461    0.0010891690833051677
12567.14426798649    0.0010877494540846608
12600.56752401837    0.0010863443119869553
12633.990780050248    0.0010849535752510743
12667.414036082127    0.00108357715871848
12700.837292114005    0.0010822149800178143
12734.260548145885    0.0010808669571866767
12767.683804177765    0.0010795330134988927
12801.107060209642    0.0010782130660030385
12834.53031624152    0.0010769070406007263
12867.9535722734    0.0010756148575800904
12901.376828305278    0.0010743364425646925
12934.800084337157    0.0010730717198953266
12968.223340369037    0.0010718206169811667
13001.646596400915    0.0010705830598203379
13035.069852432795    0.0010693589775570352
13068.493108464674    0.0010681482985004519
13101.916364496552    0.0010669509538365676
13135.339620528432    0.0010657668735786577
13168.76287656031    0.0010645959901329166
13202.18613259219    0.0010634382372003404
13235.609388624069    0.0010622935473452906
13269.032644655947    0.0010611618562643842
13302.455900687826    0.0010600430999333943
13335.879156719706    0.001058937214199887
13369.302412751584    0.0010578441373469524
13402.725668783463    0.0010567638065076814
13436.148924815343    0.001055696162744726
13469.57218084722    0.0010546411439602374
13502.9954368791    0.0010535986938162223
13536.41869291098    0.0010525687512963529
13569.841948942858    0.0010515512606411928
13603.265204974738    0.0010505461652993476
13636.688461006615    0.001049553409229462
13670.111717038495    0.0010485729371763758
13703.534973070375    0.0010476046968617178
13736.958229102253    0.0010466486309476605
13770.381485134132    0.0010457046912164475
13803.804741166012    0.001044772823284225
13837.22799719789    0.0010438529776776446
13870.65125322977    0.0010429451029623504
13904.074509261649    0.0010420491503739784
13937.497765293527    0.00104116507102163
13970.921021325406    0.0010402928174480424
14004.344277357286    0.0010394323408975685
14037.767533389164    0.0010385835972251463
14071.190789421044    0.0010377465375733114
14104.614045452921    0.0010369211194378263
14138.037301484801    0.0010361072983519524
14171.46055751668    0.001035305029809322
14204.883813548558    0.001034514269483076
14238.307069580438    0.0010337349784314066
14271.730325612318    0.0010329671126842195
14305.153581644196    0.0010322106317561502
14338.576837676075    0.0010314654983678256
14372.000093707955    0.0010307316647155643
14405.423349739833    0.0010300091043796587
14438.846605771712    0.0010292977666136304
14472.269861803592    0.0010285976234906682
14505.69311783547    0.0010279086324826697
14539.11637386735    0.0010272307585621908
14572.539629899225    0.0010265639681984896
14605.962885931105    0.0010259082242662471
14639.386141962985    0.0010252634927676453
14672.809397994863    0.0010246297409116428
14706.232654026742    0.0010240069350207557
14739.655910058622    0.001023395042471107
14773.0791660905    0.0010227940316671074
14806.50242212238    0.0010222038710060051
14839.925678154259    0.0010216245303457368
14873.348934186137    0.001021055979587124
14906.772190218016    0.001020498189025561
14940.195446249896    0.001019951130259077
14973.618702281774    0.0010194147743700234
15007.041958313654    0.0010188890950182843
15040.465214345531    0.0010183740631748274
15073.888470377411    0.0010178696539198263
15107.31172640929    0.0010173758413160453
15140.734982441169    0.0010168925990645492
15174.158238473048    0.0010164199028195272
15207.581494504928    0.0010159577292187748
15241.004750536806    0.0010155060533939416
15274.428006568685    0.0010150648527213438
15307.851262600565    0.001014634105087485
15341.274518632443    0.001014213787866043
15374.697774664322    0.0010138038805406959
15408.121030696202    0.0010134043615620874
15441.54428672808    0.001013015210449491
15474.96754275996    0.0010126364081864355
15508.390798791837    0.0010122679352679432
15541.814054823717    0.0010119097726570448
15575.237310855597    0.0010115619028609525
15608.660566887474    0.0010112243073459833
15642.083822919354    0.0010108969702825711
15675.507078951234    0.001010579874214262
15708.930334983112    0.0010102730033377662
15742.353591014991    0.0010099763425062223
15775.77684704687    0.0010096898765266998
15809.200103078749    0.0010094135905837993
15842.623359110628    0.0010091474714054676
15876.046615142508    0.001008891505808595
15909.469871174386    0.0010086456798751484
15942.893127206265    0.001008409982075289
15976.316383238143    0.0010081844010293066
16009.739639270023    0.0010079689238997021
16043.162895301903    0.0010077635409752662
16076.58615133378    0.0010075682419159356
16110.00940736566    0.0010073830169595077
16143.43266339754    0.0010072078563582692
16176.855919429418    0.0010070427514903859
16210.279175461297    0.001006887694706453
16243.702431493177    0.001006742677429619
16277.125687525053    0.0010066076927400546
16310.548943556932    0.0010064827339123753
16343.972199588812    0.0010063677953414461
16377.39545562069    0.001006262870063025
16410.81871165257    0.0010061679535603796
16444.241967684447    0.0010060830405192358
16477.66522371633    0.001006008127440414
16511.088479748207    0.0010059432111137162
16544.511735780085    0.0010058882867037644
16577.934991811966    0.001005843352214057
16611.358247843844    0.001005808405679072
16644.78150387572    0.0010057834451247076
16678.204759907603    0.0010057684693982759
