0      1.0050665642450458 
1      0.9993852656718997 
2      0.9824774931841787 
3      0.9547278562586109 
4      0.9167098309122353 
5      0.869115325117515 
6      0.8127003276842336 
7      0.7482631834064398 
8      0.6766567202865658 
9      0.5988205138286625 
10      0.5158098059765232 
11      0.4287980400139458 
12      0.3390425137870242 
13      0.2478213876409249 
14      0.1563641258575174 
15      0.06579935413032784 
16      -0.02286451703820597 
17      -0.10872405260265082 
18      -0.19094237963588803 
19      -0.26870813425417556 
20      -0.3412132637241051 
21      -0.4076620634941693 
22      -0.46730832641392267 
23      -0.5195040991710324 
24      -0.5637391792774288 
25      -0.5996557702458035 
26      -0.6270337360762394 
27      -0.6457540823629315 
28      -0.6557576311846248 
29      -0.6570184461826788 
30      -0.6495450502842312 
31      -0.6334091385412277 
32      -0.6087882966072311 
33      -0.576003059543046 
34      -0.5355316678017749 
35      -0.487995617535777 
36      -0.4341212017025798 
37      -0.3746921854358152 
38      -0.31051230806525904 
39      -0.24239106231881044 
40      -0.17115423373355002 
41      -0.09766832048144782 
42      -0.022861582851405347 
43      0.052273484283531874 
44      0.12670282781772582 
45      0.19939403069310122 
46      0.26936617248942857 
47      0.33572935109026003 
48      0.39770163586804513 
49      0.4546017158054115 
50      0.5058262038708551 
51      0.5508262676969476 
52      0.5890970032641142 
53      0.6201860545406971 
54      0.6437185970614112 
55      0.6594278663771991 
56      0.6671775064151793 
57      0.6669656878006344 
58      0.6589093468184977 
59      0.6432156483633953 
60      0.6201527870244571 
61      0.5900317343170514 
62      0.5532051609623083 
63      0.5100818290838387 
64      0.4611475964991739 
65      0.40698110747741745 
66      0.34825486184770166 
67      0.2857192887489917 
68      0.22017507976145023 
69      0.1524437797829817 
70      0.08334670830822341 
71      0.013697952873134264 
72      -0.05568966164980365 
73      -0.12399306402737079 
74      -0.19037209448734518 
75      -0.2539752646736297 
76      -0.3139599750160563 
77      -0.36952236696096563 
78      -0.41992786088416184 
79      -0.4645334254331676 
80      -0.5027964575849078 
81      -0.5342710830212419 
82      -0.5585980616309796 
83      -0.5754967173826362 
84      -0.5847653078066556 
85      -0.5862911819337184 
86      -0.5800666764388134 
87      -0.5662035323088578 
88      -0.5449388517678165 
89      -0.516628901098994 
90      -0.4817319172868285 
91      -0.44078537363135534 
92      -0.39438489186592424 
93      -0.3431703462338206 
94      -0.2878206416987193 
95      -0.22905429596300186 
96      -0.16763033402697808 
97      -0.10434408209895257 
98      -0.04001498979735568 
99      0.024532536114350325 
100      0.08849084726035686 
101      0.15108748704413652 
102      0.21159590082598645 
103      0.26933741762100566 
104      0.3236772322983632 
105      0.3740194014310449 
106      0.41980578963941506 
107      0.4605216292285779 
108      0.4957069444280278 
109      0.5249700997130485 
110      0.5479986054836882 
111      0.5645636055529575 
112      0.5745174516641289 
113      0.5777868841506522 
114      0.574366085803281 
115      0.5643135078128184 
116      0.5477541548580028 
117      0.5248860615261984 
118      0.4959873943180688 
119      0.461420041301195 
120      0.4216269369009541 
121      0.3771229652084541 
122      0.32848180482200584 
123      0.2763223664812618 
124      0.22129799929641056 
125      0.16408972995412457 
126      0.10540247483859473 
127      0.045961560602714585 
128      -0.013493307418271776 
129      -0.07221828379984455 
130      -0.1294794967286203 
131      -0.1845688502587349 
132      -0.23681846230980447 
133      -0.2856112182143576 
134      -0.33038656031653507 
135      -0.370642519663758 
136      -0.4059362142260049 
137      -0.43588512941698077 
138      -0.4601705614105352 
139      -0.47854310266715855 
140      -0.4908286191227784 
141      -0.4969324930619747 
142      -0.4968403779063563 
143      -0.49061509464367714 
144      -0.4783908234907258 
145      -0.46036661562664455 
146      -0.436801148847458 
147      -0.40800975521960153 
148      -0.3743634671730136 
149      -0.33628865533798025 
150      -0.29426532224133106 
151      -0.24882261689424337 
152      -0.20053139996591995 
153      -0.14999495381799305 
154      -0.09783950538943828 
155      -0.04470594054567889 
156      0.008756756536936559 
157      0.061896771913892035 
158      0.11406460555505075 
159      0.16461944386091382 
160      0.21293755038766327 
161      0.2584223780449902 
162      0.3005151650998805 
163      0.3387045377352397 
164      0.3725341133474156 
165      0.40160787218036975 
166      0.42559372175143223 
167      0.4442260545131792 
168      0.45730812707577073 
169      0.4647146810690046 
170      0.4663945077870981 
171      0.4623720933121679 
172      0.45274746641817365 
173      0.4376938559139144 
174      0.4174533732470071 
175      0.3923313392256852 
176      0.3626899985053025 
177      0.3289422687448433 
178      0.29154584970755126 
179      0.2509975321871225 
180      0.20782719390900356 
181      0.16259101245733396 
182      0.1158638084953732 
183      0.06823088123952767 
184      0.020279959785824836 
185      -0.027406135521135713 
186      -0.07425579256342005 
187      -0.11971393028519278 
188      -0.16324677032218984 
189      -0.2043466184984064 
190      -0.24253701898261076 
191      -0.277378233058609 
192      -0.3084725910274322 
193      -0.33546907340559173 
194      -0.3580666414444687 
195      -0.3760163088170712 
196      -0.38912244112140004 
197      -0.39724398584258125 
198      -0.400296149977286 
199      -0.39825256913633283 
200      -0.3911475131266906 
201      -0.3790773668637922 
202      -0.3622006225764784 
203      -0.34073600025723033 
204      -0.31495896387991196 
205      -0.2851974354303102 
206      -0.2518275534233736 
207      -0.21526986381247068 
208      -0.17598569337292053 
209      -0.13447301613271148 
210      -0.09126106452840582 
211      -0.04690322575844574 
212      -0.001968300528176476 
213      0.04296916310772022 
214      0.08733833851242653 
215      0.13058039973142532 
216      0.17215525688206051 
217      0.21154713160003152 
218      0.24826976470485862 
219      0.2818719773517479 
220      0.3119438933568711 
221      0.33812358965539924 
222      0.36010341983569166 
223      0.37763495475408587 
224      0.39053167396803146 
225      0.39866923010164057 
226      0.40198391608713374 
227      0.4004704162291677 
228      0.3941798395811931 
229      0.38321855869838195 
230      0.3677477501846555 
231      0.3479829335130264 
232      0.3241924400960719 
233      0.2966938969244601 
234      0.265848528719906 
235      0.23205399707869284 
236      0.1957370559977476 
237      0.1573472306351312 
238      0.11735215209369429 
239      0.0762343907215486 
240      0.03448888394929717 
241      -0.007380362350652308 
242      -0.04886541811281973 
243      -0.08946170406076337 
244      -0.12867663540128402 
245      -0.16603820326356195 
246      -0.20110209595887113 
247      -0.2334565918541612 
248      -0.262725363476337 
249      -0.28856915539096994 
250      -0.3106877019893504 
251      -0.3288229900048758 
252      -0.3427641095742347 
253      -0.35235290728726887 
254      -0.35748899348191987 
255      -0.35813267552200495 
256      -0.35430502647318 
257      -0.3460852292787022 
258      -0.3336061887178357 
259      -0.31704984949542225 
260      -0.29664348355991516 
261      -0.27265744635072764 
262      -0.24540390510360635 
263      -0.21523532519744024 
264      -0.18254142190084408 
265      -0.14774382115818133 
266      -0.11128854000549832 
267      -0.07363723507155745 
268      -0.03525865791396007 
269      0.0033783423964745827 
270      0.04180963557321898 
271      0.07957883158466075 
272      0.11623968814694742 
273      0.15135923500624018 
274      0.18452243411745659 
275      0.21533833632719 
276      0.24344688616685356 
277      0.268525087843446 
278      0.29029138121789744 
279      0.30850776756055365 
280      0.3229801457586234 
281      0.33355797169796025 
282      0.34013439298477405 
283      0.34264747101820286 
284      0.341082321201957 
285      0.3354733691094999 
286      0.3259057020207658 
287      0.312514756598914 
288      0.2954841622866218 
289      0.27504216994361835 
290      0.25145746121159573 
291      0.22503509730943816 
292      0.1961129672545741 
293      0.16505857806408233 
294      0.13226568410588788 
295      0.0981502237948475 
296      0.06314526647454889 
297      0.0276949966547119 
298      -0.007751956613319047 
299      -0.042749354231993365 
300      -0.07685983333888216 
301      -0.10966071953443858 
302      -0.14074914735623817 
303      -0.1697467118713279 
304      -0.19630390808285822 
305      -0.2201044713024821 
306      -0.24086955954862774 
307      -0.2583615874549343 
308      -0.2723874164495176 
309      -0.2828005789947699 
310      -0.28950237007827767 
311      -0.29244193530426427 
312      -0.2916157261782694 
313      -0.28706669639686144 
314      -0.278883384318881 
315      -0.2671987357221266 
316      -0.2521883631839853 
317      -0.23406796294207613 
318      -0.21308976889200154 
319      -0.18953820781940833 
320      -0.16372522704816664 
321      -0.13598587174622628 
322      -0.10667446410657248 
323      -0.07616128736155163 
324      -0.04482927435926564 
325      -0.013070109830914108 
326      0.018720570467459913 
327      0.05014876153241485 
328      0.08082793683892828 
329      0.11038445112230995 
330      0.13846191590539011 
331      0.16472440634034607 
332      0.18885889057498834 
333      0.21057759461707218 
334      0.2296209230841226 
335      0.245761105768881 
336      0.25880623688989346 
337      0.26860406742260984 
338      0.27504487141785317 
339      0.2780629313800919 
340      0.27763660432523224 
341      0.2737873595172087 
342      0.26657840151635015 
343      0.25611338684274226 
344      0.24253539362549253 
345      0.22602594004916898 
346      0.20680363229401327 
347      0.1851219863605937 
348      0.16126609508098425 
349      0.13554808940384594 
350      0.10830168692723405 
351      0.07987637812061056 
352      0.05063185396795319 
353      0.020933103966000472 
354      -0.008853709369214391 
355      -0.03836481657696525 
356      -0.06724225788454646 
357      -0.0951375606808704 
358      -0.12171589168655032 
359      -0.14666058451748 
360      -0.16967764178472622 
361      -0.19049965781589537 
362      -0.20888870724545738 
363      -0.2246380920287493 
364      -0.23757324346513525 
365      -0.24755230144194754 
366      -0.2544668394074622 
367      -0.2582429500463101 
368      -0.2588426056666006 
369      -0.2562649778508655 
370      -0.25054730309633516 
371      -0.24176495695069283 
372      -0.23003063445585217 
373      -0.21549281665783904 
374      -0.1983338627851368 
375      -0.1787679780418166 
376      -0.15703907008429643 
377      -0.13341834717740975 
378      -0.10820150536952937 
379      -0.08170541377149163 
380      -0.05426425739468502 
381      -0.026225148659925375 
382      0.0020566834040021105 
383      0.03022291710084172 
384      0.05791719962630743 
385      0.08479021439238418 
386      0.11050476843515063 
387      0.13474078969674724 
388      0.1571999899320459 
389      0.17760997096156114 
390      0.1957276863266608 
391      0.21134226429379438 
392      0.2242771969113239 
393      0.23439192550231105 
394      0.24158296758129288 
395      0.2457847710248262 
396      0.24697031282961562 
397      0.2451512200977618 
398      0.24037712931351574 
399      0.23273415737272649 
400      0.2223425664644436 
401      0.20935383599566249 
402      0.19394744293469687 
403      0.17632775548662602 
404      0.156721437059342 
405      0.1353754738515324 
406      0.11255549345430618 
407      0.08854378288024291 
408      0.06363652768876993 
409      0.038140149544545705 
410      0.01236697861214045 
411      -0.013369268786405875 
412      -0.0387576314635992 
413      -0.06349317097649736 
414      -0.08727925680570171 
415      -0.10982932769035596 
416      -0.13086893794313306 
417      -0.15013876294083253 
418      -0.16739872945237377 
419      -0.18243287015623127 
420      -0.1950541556148037 
421      -0.20510849093049954 
422      -0.2124772424762842 
423      -0.217078097133638 
424      -0.2188646606247887 
425      -0.21782563507821165 
426      -0.21398437798995967 
427      -0.2073991573473138 
428      -0.19816379404157528 
429      -0.18640798607992473 
430      -0.1722965543445464 
431      -0.15602704973084772 
432      -0.13782557105148 
433      -0.11794123348807863 
434      -0.09664026010294723 
435      -0.07420077381533993 
436      -0.050908928809821286 
437      -0.027056311161691708 
438      -0.0029379877963516747 
439      0.021149602032033775 
440      0.04491159853518652 
441      0.06805883696459772 
442      0.09031286613969948 
443      0.11141101078954938 
444      0.1311103933525073 
445      0.14919018893844374 
446      0.16545212740290363 
447      0.17971993487830568 
448      0.19183871023935675 
449      0.201675146038525 
450      0.2091191005826056 
451      0.21408639070185645 
452      0.2165220124032381 
453      0.21640266617398346 
454      0.21373769914453755 
455      0.2085682438292458 
456      0.20096506463874103 
457      0.19102604499995776 
458      0.1788742301933208 
459      0.16465697002285126 
460      0.14854610860419754 
461      0.1307385373469698 
462      0.11145606467976606 
463      0.09094367235705725 
464      0.06946577232448894 
465      0.047300813040139396 
466      0.02473514772232558 
467      0.0020572366127132678 
468      -0.020446971105323113 
469      -0.04249714978529449 
470      -0.06382053534825317 
471      -0.08415354194820931 
472      -0.10324401855749502 
473      -0.12085475640383388 
474      -0.1367681962199326 
475      -0.15079160227543417 
476      -0.1627616018216251 
477      -0.1725470731307164 
478      -0.18004987085224186 
479      -0.18520362626028958 
480      -0.18797152362165162 
481      -0.1883442039069441 
482      -0.18633869295958447 
483      -0.18199863390776402 
484      -0.17539535300680734 
485      -0.16662875353480125 
486      -0.15582699102988493 
487      -0.14314434631013714 
488      -0.12875744850723225 
489      -0.11286065052400183 
490      -0.09566163354239773 
491      -0.07737813978210754 
492      -0.05823621347659527 
493      -0.038469620899405976 
494      -0.01831952138494326 
495      0.0019666744499330195 
496      0.022137934071406063 
497      0.041943721965512444 
498      0.06113899734091606 
499      0.07948916133674093 
500      0.0967740462751181 
501      0.11279036862186553 
502      0.12735267308263926 
503      0.14029344533042482 
504      0.15146337082825945 
505      0.1607325078270873 
506      0.16799260801894983 
507      0.17316025453306738 
508      0.17618007708557462 
509      0.17702711913190167 
510      0.17570753666878222 
511      0.1722573178665725 
512      0.1667394846020834 
513      0.15924078658352664 
514      0.14986890950878026 
515      0.1387507870839449 
516      0.12603202856397963 
517      0.11187695381250735 
518      0.09646836104925322 
519      0.08000607669865659 
520      0.06270373795803744 
521      0.0447840847601158 
522      0.02647376102020814 
523      0.007998783207027661 
524      -0.010418538638954134 
525      -0.02856103627872086 
526      -0.0462168739474651 
527      -0.06317937611319115 
528      -0.07924758703372553 
529      -0.09422837607262077 
530      -0.10794011490861018 
531      -0.12021712534394724 
532      -0.1309137549970407 
533      -0.13990714642836605 
534      -0.14709826813544744 
535      -0.15241135577676423 
536      -0.15579247274092814 
537      -0.15720825891951345 
538      -0.15664584394515527 
539      -0.15411426711790852 
540      -0.14964687469861487 
541      -0.14330361423970173 
542      -0.13517214281835557 
543      -0.1253670395893197 
544      -0.11402697601206807 
545      -0.10131036577264242 
546      -0.08739059013003261 
547      -0.072452043771553 
548      -0.05668777770160486 
549      -0.040298619281073776 
550      -0.02349289621407016 
551      -0.006485649182805515 
552      0.01050357325181611 
553      0.02725471755597007 
554      0.043552652896073664 
555      0.059192914555605464 
556      0.07398635538907396 
557      0.08776168393546067 
558      0.10036579132859816 
559      0.11166268119946514 
560      0.12153225069804481 
561      0.12987007830495428 
562      0.13658884657171533 
563      0.14162119839724338 
564      0.1449230038125719 
565      0.14647565287260064 
566      0.1462863128753464 
567      0.14438595094370843 
568      0.14082586385773715 
569      0.1356739766256145 
570      0.12901213211293272 
571      0.12093508370573217 
572      0.11155108100311326 
573      0.10098313065880953 
574      0.0893696483825896 
575      0.07686348729582591 
576      0.06362906608426828 
577      0.049838177845255426 
578      0.035665584050234345 
579      0.021285511450329083 
580      0.006869749298021104 
581      -0.007412670135386057 
582      -0.02139496700070376 
583      -0.034912413671472034 
584      -0.04780335619636274 
585      -0.05991176406451927 
586      -0.07109091202875019 
587      -0.08120730811986401 
588      -0.09014387892620082 
589      -0.0978016765153171 
590      -0.10409993137618748 
591      -0.10897496845458249 
592      -0.11237896179197321 
593      -0.11427944399426115 
594      -0.11465999806546277 
595      -0.11352193341003307 
596      -0.11088624233106267 
597      -0.10679492407733414 
598      -0.10131089326439909 
599      -0.09451617764749051 
600      -0.08650882983847731 
601      -0.0773995417566027 
602      -0.06730899675533074 
603      -0.05636651469549513 
604      -0.044709856090802004 
605      -0.032485478246057714 
606      -0.01984829295700432 
607      -0.0069601415898645795 
608      0.006013249801123574 
609      0.01890633014146584 
610      0.03155774065333589 
611      0.04381323935230035 
612      0.05552704515620169 
613      0.0665618629539571 
614      0.07678842758226652 
615      0.08608557615677068 
616      0.09434154705852012 
617      0.10145655165730233 
618      0.10734594656452352 
619      0.11194291640409672 
620      0.11519973720303762 
621      0.11708735374977156 
622      0.11759374162679162 
623      0.11672199553346908 
624      0.1144891388041152 
625      0.1109262277778915 
626      0.10607962338158138 
627      0.10001263546513382 
628      0.09280644224320163 
629      0.08455944598279481 
630      0.07538493134176516 
631      0.06540762120390196 
632      0.05476011322335677 
633      0.04358014869858109 
634      0.032009240359947844 
635      0.020192526191196578 
636      0.0082790862228208 
637      -0.003578354830084706 
638      -0.015225194135007216 
639      -0.02650833529237598 
640      -0.03728053897482422 
641      -0.04740464887344672 
642      -0.05675665205788902 
643      -0.06522697515123109 
644      -0.07272009503896022 
645      -0.0791532265622368 
646      -0.08445526285153762 
647      -0.08856701069735093 
648      -0.09144303828580182 
649      -0.09305450597026223 
650      -0.09339176102587977 
651      -0.0924655197451716 
652      -0.09030598490811961 
653      -0.08696001851601368 
654      -0.08248725695823854 
655      -0.0769565344021247 
656      -0.07044389044677861 
657      -0.06303267249280597 
658      -0.0548151279812355 
659      -0.04589409920566744 
660      -0.036383418854935116 
661      -0.026406226913092204 
662      -0.016091330331423896 
663      -0.005568562833168712 
664      0.005035396762382961 
665      0.015599363683302654 
666      0.026007535910962432 
667      0.03614753301655149 
668      0.04590812867599732 
669      0.05517830540880463 
670      0.06384854544645494 
671      0.07181424105257177 
672      0.07898021679336016 
673      0.08526485750773831 
674      0.09060239060296497 
675      0.09494258538509488 
676      0.0982483155054582 
677      0.1004924728160772 
678      0.10165595469350379 
679      0.10172777514614745 
680      0.10070728136711167 
681      0.0986075302510836 
682      0.09545836444971491 
683      0.09130772729441282 
684      0.08622035464263648 
685      0.08027407735814004 
686      0.07355507378356971 
687      0.06615385791784363 
688      0.05816329782350081 
689      0.04967891138435063 
690      0.04080069116500798 
691      0.03163510315102417 
692      0.022295797942543466 
693      0.012902041298829707 
694      0.0035748659746006883 
695      -0.005567932157196858 
696      -0.014416223380753207 
697      -0.022869964528074684 
698      -0.030839148156550315 
699      -0.03824186014530574 
700      -0.045001714867094866 
701      -0.05104614033109473 
702      -0.05630663271405373 
703      -0.06072120078622252 
704      -0.06423812565378859 
705      -0.0668194809154131 
706      -0.06844299659309432 
707      -0.06910166078536693 
708      -0.06880142558291413 
709      -0.06755808795234612 
710      -0.06539469345970562 
711      -0.06234056839995214 
712      -0.05843231849239246 
713      -0.05371614183967729 
714      -0.04825014255238539 
715      -0.042105361285332 
716      -0.03536485758414231 
717      -0.028120994134559246 
718      -0.020471726489301005 
719      -0.012517027498228474 
720      -0.004356474966559782 
721      0.003911532267428089 
722      0.012189273201159603 
723      0.020378853174996926 
724      0.02838199316867221 
725      0.03610104899240739 
726      0.043441276849301866 
727      0.0503138396836047 
728      0.056638715421760515 
729      0.06234665129830442 
730      0.0673796924906446 
731      0.07169044216400776 
732      0.07524070303534759 
733      0.07800025185979924 
734      0.07994627365590448 
735      0.08106363587905852 
736      0.0813458174728012 
737      0.08079598909019024 
738      0.0794276257151492 
739      0.07726425579915426 
740      0.0743384103014316 
741      0.07069019566287164 
742      0.06636595964450809 
743      0.06141736414712423 
744      0.05590101694583127 
745      0.04987863649446454 
746      0.04341747256022219 
747      0.03659054205746059 
748      0.029476360866484037 
749      0.022158178110757827 
750      0.014722930328791812 
751      0.007260072352428722 
752      -0.00013968270691029137 
753      -0.007385651922847414 
754      -0.01438837521461457 
755      -0.02106068644073076 
756      -0.027318777264070764 
757      -0.03308332987342256 
758      -0.03828063446714647 
759      -0.04284357402538788 
760      -0.046712539180971784 
761      -0.049836472451179205 
762      -0.05217409166024426 
763      -0.05369508427647277 
764      -0.054381015446517036 
765      -0.05422582089379606 
766      -0.053235833745851155 
767      -0.051429285154547665 
768      -0.04883530119963357 
769      -0.04549266088502439 
770      -0.04144873609084936 
771      -0.03675885143258762 
772      -0.03148593813141597 
773      -0.025700171432391037 
774      -0.019478350694294874 
775      -0.012902887419717676 
776      -0.006060308307353468 
777      0.0009606959513522308 
778      0.008071369078065861 
779      0.015184613504885201 
780      0.022215944035027333 
781      0.029083678737127146 
782      0.035708710723531094 
783      0.042014287810179816 
784      0.04792617861286444 
785      0.053373519460595764 
786      0.05829040334300314 
787      0.0626178624482733 
788      0.06630556714830357 
789      0.06931263663747192 
790      0.07160741095717722 
791      0.07316652992565892 
792      0.07397392620167177 
793      0.07402034335461784 
794      0.07330379775652468 
795      0.07183100404882488 
796      0.06961924819220885 
797      0.06669781080977831 
798      0.06310814802114799 
799      0.05890259902028874 
800      0.054142042651346256 
801      0.04889331238687013 
802      0.0432271767650385 
803      0.03721739334106535 
804      0.03094085519199333 
805      0.02447827301732736 
806      0.017914453617684904 
807      0.01133735530543394 
808      0.004835710854772127 
809      -0.0015042686342636438 
810      -0.007602174713915297 
811      -0.013385764253185163 
812      -0.01879186740119566 
813      -0.02376584424984325 
814      -0.02826017324993302 
815      -0.03223313848244553 
816      -0.03564849066012312 
817      -0.038476374742708354 
818      -0.0406950905163548 
819      -0.04229280237487818 
820      -0.04326832742249744 
821      -0.043630504907158016 
822      -0.04339618799505073 
823      -0.042587455636935195 
824      -0.04122902828566233 
825      -0.039346832754441924 
826      -0.03696812951968951 
827      -0.03412286535220984 
828      -0.030845369140104092 
829      -0.027175434871510955 
830      -0.02315818559198582 
831      -0.018842663197979073 
832      -0.014279644043700503 
833      -0.009519556088123297 
834      -0.004611374798301479 
835      0.0003970683175519746 
836      0.005457635088556851 
837      0.010520145330205845 
838      0.015531341593333095 
839      0.020435167104959743 
840      0.025174370749063986 
841      0.02969292168164062 
842      0.03393839599936912 
843      0.03786350091063558 
844      0.041426299683333966 
845      0.04458935235481758 
846      0.0473185433405855 
847      0.049582486438678186 
848      0.051353019499136544 
849      0.05260672274378403 
850      0.053326941035055114 
851      0.05350557638511129 
852      0.05314396192477101 
853      0.05225247622887224 
854      0.050849111983003466 
855      0.048957675551468086 
856      0.046606389291644464 
857      0.04382736139748954 
858      0.040656894368468435 
859      0.03713621294433409 
860      0.03331201948830863 
861      0.029236322680930446 
862      0.024965264734214464 
863      0.02055714746683424 
864      0.016070276245895194 
865      0.011561329870622649 
866      0.007084687658273112 
867      0.002692686683994841 
868      -0.0015636181098833107 
869      -0.005633811439857706 
870      -0.009468166636373386 
871      -0.01301865874759912 
872      -0.01624070905741075 
873      -0.019094995769485514 
874      -0.021548618738609925 
875      -0.023575259120584894 
876      -0.02515447574632663 
877      -0.0262706661638351 
878      -0.026912359900846807 
879      -0.027072370507325184 
880      -0.02674891935383129 
881      -0.025947286166517338 
882      -0.024681161548922186 
883      -0.022972971902370576 
884      -0.020852957211512296 
885      -0.01835733920049859 
886      -0.015526245595947081 
887      -0.01240210496041012 
888      -0.009029009066674663 
889      -0.005453076902923675 
890      -0.0017233005419181773 
891      0.002107973332446589 
892      0.005985597014060126 
893      0.009853318343603513 
894      0.013656178319648535 
895      0.017342907100674917 
896      0.020867635146701955 
897      0.02419046063467721 
898      0.02727682821536055 
899      0.0300961954054026 
900      0.032620810348335735 
901      0.03482532712078481 
902      0.03668749411688422 
903      0.038189600139259976 
904      0.03932003786386374 
905      0.04007429177366349 
906      0.040454818410276046 
907      0.040469667270779865 
908      0.04013024472762702 
909      0.039449089463910826 
910      0.03843855759798255 
911      0.03711086286903089 
912      0.035479280974304785 
913      0.03355984564454664 
914      0.031372692730040216 
915      0.028942343705499782 
916      0.02629665061537842 
917      0.023464771994415247 
918      0.020475106018064185 
919      0.017354185119918125 
920      0.014127060509203695 
921      0.010818982031211078 
922      0.007457600378735733 
923      0.00407470284432127 
924      0.0007066692357515323 
925      -0.002606657192890043 
926      -0.005824285886238933 
927      -0.008906620085052533 
928      -0.011817191687352837 
929      -0.014523027320475066 
930      -0.016993781709718478 
931      -0.019200331108014286 
932      -0.021113728148177482 
933      -0.02270524976516498 
934      -0.02394778852869581 
935      -0.02481820712698685 
936      -0.025299789523714106 
937      -0.025383861432941215 
938      -0.025070043618680832 
939      -0.024365192693355138 
940      -0.023281582983496297 
941      -0.02183511709380314 
942      -0.020044267688122 
943      -0.01793008095919106 
944      -0.015517057452040187 
945      -0.012834296503093364 
946      -0.00991617217144736 
947      -0.006802041458300932 
948      -0.0035349124894472122 
949      -0.00015942217812146438 
950      0.0032802533694886787 
951      0.006741911627041555 
952      0.010185855364647549 
953      0.013574440257616324 
954      0.016871031972417436 
955      0.020038977235721123 
956      0.023041142750246664 
957      0.02584031701554999 
958      0.028400415581781902 
959      0.03068811250329567 
960      0.032674370760677585 
961      0.03433541874129379 
962      0.035652958621854254 
963      0.036613701402093746 
964      0.03720857224984027 
965      0.03743202291344181 
966      0.03728182064228448 
967      0.03675947555079934 
968      0.035871188237669084 
969      0.034628967137098794 
970      0.033051476368193354 
971      0.03116424498116202 
972      0.028999044229488746 
973      0.026592471904259292 
974      0.02398402641421192 
975      0.021214137675062087 
976      0.01832264261513461 
977      0.015348013083089652 
978      0.012327342047813881 
979      0.009296803035486087 
980      0.0062921212841344784 
981      0.0033485753390336327 
982      0.0005002109200570987 
983      -0.0022217033244085736 
984      -0.004790540497633078 
985      -0.0071858158013012015 
986      -0.009393691096103367 
987      -0.011406181374368352 
988      -0.013219229175031775 
989      -0.014830243374757785 
990      -0.01623594943885054 
991      -0.01743132814160614 
992      -0.01840998766996022 
993      -0.01916569392537484 
994      -0.01969427660711389 
995      -0.01999496369625559 
996      -0.020070439542963767 
997      -0.019925485153906696 
998      -0.01956472970904496 
999      -0.0189905400179055 
